data_inizio,data_fine,delay,frequenza_delay
2020-02-14,2020-03-06,0,55931
