data_inizio,data_fine,delay,frequenza_delay
2020-03-02,2020-05-01,0,880
2020-03-02,2020-05-01,2,831
2020-03-02,2020-05-01,1,835
2020-03-02,2020-05-01,3,378
