data_inizio,data_fine,delay,frequenza_delay
2020-03-09,2020-03-09,0,-1
2020-03-13,2020-03-13,0,-1
2020-03-14,2020-03-14,0,-1
2020-03-15,2020-03-15,0,-1
2020-03-16,2020-03-16,0,-1
2020-03-17,2020-03-17,0,-1
2020-03-18,2020-03-18,0,5
2020-03-19,2020-03-19,0,-1
2020-03-21,2020-03-21,0,-1
2020-03-22,2020-03-22,0,-1
2020-03-23,2020-03-23,0,4
2020-03-24,2020-03-24,0,6
2020-03-25,2020-03-25,0,-1
2020-03-26,2020-03-26,0,-1
2020-03-27,2020-03-27,0,5
2020-03-28,2020-03-28,0,5
2020-03-29,2020-03-29,0,-1
2020-03-30,2020-03-30,0,4
2020-03-31,2020-03-31,0,4
2020-04-01,2020-04-01,0,-1
2020-04-02,2020-04-02,0,-1
2020-04-03,2020-04-03,0,-1
2020-04-04,2020-04-04,0,-1
2020-04-05,2020-04-05,0,-1
2020-04-06,2020-04-06,0,-1
2020-04-07,2020-04-07,0,4
2020-04-09,2020-04-09,0,6
2020-04-10,2020-04-10,0,-1
2020-04-11,2020-04-11,0,-1
2020-04-12,2020-04-12,0,-1
2020-04-13,2020-04-13,0,-1
2020-04-17,2020-04-17,0,-1
2020-04-18,2020-04-18,0,4
2020-04-19,2020-04-19,0,4
2020-04-20,2020-04-20,0,-1
2020-04-21,2020-04-21,0,-1
2020-04-22,2020-04-22,0,-1
2020-04-24,2020-04-24,0,-1
2020-04-26,2020-04-26,0,-1
2020-04-29,2020-04-29,0,-1
2020-04-30,2020-04-30,0,-1
2020-05-01,2020-05-01,0,-1
2020-05-03,2020-05-03,0,-1
2020-05-06,2020-05-06,0,-1
2020-05-10,2020-05-10,0,-1
2020-05-13,2020-05-13,0,-1
2020-05-24,2020-05-24,0,-1
2020-05-25,2020-05-25,0,-1
2020-05-31,2020-05-31,0,-1
2020-06-05,2020-06-05,0,-1
2020-06-08,2020-06-08,0,-1
2020-06-09,2020-06-09,0,-1
2020-06-13,2020-06-13,0,-1
2020-06-24,2020-06-24,0,-1
2020-06-30,2020-06-30,0,-1
2020-07-01,2020-07-01,0,-1
2020-07-23,2020-07-23,0,-1
2020-08-13,2020-08-13,0,-1
2020-09-04,2020-09-04,0,-1
2020-09-05,2020-09-05,0,-1
2020-09-06,2020-09-06,0,-1
2020-09-07,2020-09-07,0,-1
2020-09-10,2020-09-10,0,-1
2020-09-12,2020-09-12,0,-1
2020-09-13,2020-09-13,0,-1
2020-09-23,2020-09-23,0,-1
2020-09-25,2020-09-25,0,-1
2020-10-02,2020-10-02,0,-1
2020-10-04,2020-10-04,0,-1
2020-10-08,2020-10-08,0,4
2020-10-09,2020-10-09,0,-1
2020-10-11,2020-10-11,0,-1
2020-10-13,2020-10-13,0,-1
2020-10-14,2020-10-14,0,-1
2020-10-15,2020-10-15,0,-1
2020-10-17,2020-10-17,0,-1
2020-10-18,2020-10-18,0,-1
2020-10-19,2020-10-19,0,-1
2020-10-20,2020-10-20,0,-1
2020-10-21,2020-10-21,0,4
2020-10-22,2020-10-22,0,-1
2020-10-23,2020-10-23,0,7
2020-10-24,2020-10-24,0,-1
2020-10-25,2020-10-25,0,4
2020-10-26,2020-10-26,0,7
2020-10-27,2020-10-27,0,6
2020-10-28,2020-10-28,0,4
2020-10-29,2020-10-29,0,7
2020-10-30,2020-10-30,0,5
2020-10-31,2020-10-31,0,10
2020-11-01,2020-11-01,0,11
2020-11-02,2020-11-02,0,8
2020-11-03,2020-11-03,0,8
2020-11-04,2020-11-04,0,-1
2020-11-05,2020-11-05,0,14
2020-11-06,2020-11-06,0,8
2020-11-07,2020-11-07,0,6
2020-11-08,2020-11-08,0,10
2020-11-09,2020-11-09,0,12
2020-11-10,2020-11-10,0,9
2020-11-11,2020-11-11,0,13
2020-11-12,2020-11-12,0,11
2020-11-13,2020-11-13,0,10
2020-11-14,2020-11-14,0,16
2020-11-15,2020-11-15,0,13
2020-11-16,2020-11-16,0,15
2020-11-17,2020-11-17,0,14
2020-11-18,2020-11-18,0,9
2020-11-19,2020-11-19,0,18
2020-11-20,2020-11-20,0,16
2020-11-21,2020-11-21,0,25
2020-11-22,2020-11-22,0,12
2020-11-23,2020-11-23,0,8
2020-11-24,2020-11-24,0,12
2020-11-25,2020-11-25,0,7
2020-11-26,2020-11-26,0,13
2020-11-27,2020-11-27,0,11
2020-11-28,2020-11-28,0,7
2020-11-29,2020-11-29,0,7
2020-11-30,2020-11-30,0,-1
2020-12-01,2020-12-01,0,6
2020-12-02,2020-12-02,0,-1
2020-12-03,2020-12-03,0,5
2020-12-04,2020-12-04,0,7
2020-12-05,2020-12-05,0,8
2020-12-06,2020-12-06,0,5
2020-12-07,2020-12-07,0,9
2020-12-08,2020-12-08,0,-1
2020-12-09,2020-12-09,0,-1
2020-12-10,2020-12-10,0,-1
2020-12-11,2020-12-11,0,-1
2020-12-12,2020-12-12,0,-1
2020-12-13,2020-12-13,0,6
2020-12-14,2020-12-14,0,5
2020-12-15,2020-12-15,0,-1
2020-12-16,2020-12-16,0,-1
2020-12-17,2020-12-17,0,-1
2020-12-18,2020-12-18,0,-1
2020-12-21,2020-12-21,0,-1
2020-12-22,2020-12-22,0,-1
2020-12-24,2020-12-24,0,-1
2020-12-26,2020-12-26,0,-1
